(kicad_pcb (version 20171130) (host pcbnew 5.0.2+dfsg1-1)

  (general
    (thickness 1.6)
    (drawings 61)
    (tracks 0)
    (zones 0)
    (modules 98)
    (nets 101)
  )

  (page A4)
  (layers
    (0 F.Cu signal)
    (31 B.Cu signal)
    (32 B.Adhes user)
    (33 F.Adhes user)
    (34 B.Paste user)
    (35 F.Paste user)
    (36 B.SilkS user)
    (37 F.SilkS user)
    (38 B.Mask user)
    (39 F.Mask user)
    (40 Dwgs.User user)
    (41 Cmts.User user)
    (42 Eco1.User user)
    (43 Eco2.User user)
    (44 Edge.Cuts user)
    (45 Margin user)
    (46 B.CrtYd user)
    (47 F.CrtYd user)
    (48 B.Fab user)
    (49 F.Fab user)
  )

  (setup
    (last_trace_width 0.3048)
    (user_trace_width 0.25)
    (user_trace_width 0.3)
    (user_trace_width 0.33)
    (user_trace_width 0.5)
    (user_trace_width 0.6)
    (user_trace_width 0.8)
    (user_trace_width 1)
    (user_trace_width 1.5)
    (trace_clearance 0.3048)
    (zone_clearance 1)
    (zone_45_only yes)
    (trace_min 0.25)
    (segment_width 0.15)
    (edge_width 0.1)
    (via_size 1.6256)
    (via_drill 0.8128)
    (via_min_size 0.4)
    (via_min_drill 0.3)
    (uvia_size 0.3)
    (uvia_drill 0.1)
    (uvias_allowed no)
    (uvia_min_size 0.2)
    (uvia_min_drill 0.1)
    (pcb_text_width 0.3)
    (pcb_text_size 1.5 1.5)
    (mod_edge_width 0.15)
    (mod_text_size 1 1)
    (mod_text_width 0.15)
    (pad_size 1.7 1.7)
    (pad_drill 1)
    (pad_to_mask_clearance 0)
    (solder_mask_min_width 0.25)
    (aux_axis_origin 0 0)
    (grid_origin 92.6 73.8)
    (visible_elements FFFFF77F)
    (pcbplotparams
      (layerselection 0x3ffff_80000001)
      (usegerberextensions false)
      (usegerberattributes true)
      (usegerberadvancedattributes true)
      (creategerberjobfile true)
      (excludeedgelayer true)
      (linewidth 0.100000)
      (plotframeref false)
      (viasonmask false)
      (mode 1)
      (useauxorigin false)
      (hpglpennumber 1)
      (hpglpenspeed 20)
      (hpglpendiameter 15.000000)
      (psnegative false)
      (psa4output false)
      (plotreference true)
      (plotvalue true)
      (plotinvisibletext false)
      (padsonsilk false)
      (subtractmaskfromsilk false)
      (outputformat 1)
      (mirror false)
      (drillshape 0)
      (scaleselection 1)
      (outputdirectory "../Gerber/"))
  )

  (net 0 "")
  (net 1 +5V)
  (net 2 GND)
  (net 3 "Net-(F1-Pad1)")
  (net 4 "Net-(J1-Pad1)")
  (net 5 "Net-(J1-Pad4)")
  (net 6 +3V3)
  (net 7 "Net-(B1-Pad5)")
  (net 8 "Net-(B1-Pad6)")
  (net 9 "Net-(B1-Pad7)")
  (net 10 "Net-(B1-Pad8)")
  (net 11 "Net-(B1-Pad9)")
  (net 12 "Net-(B1-Pad10)")
  (net 13 "Net-(B1-Pad11)")
  (net 14 "Net-(B1-Pad12)")
  (net 15 "Net-(B1-Pad13)")
  (net 16 "Net-(B1-Pad14)")
  (net 17 "Net-(B1-Pad15)")
  (net 18 "Net-(B1-Pad16)")
  (net 19 "Net-(B1-Pad18)")
  (net 20 ch1gnd)
  (net 21 ch1+5)
  (net 22 ch2+5)
  (net 23 ch2gnd)
  (net 24 ch3+5)
  (net 25 ch3gnd)
  (net 26 ch4gnd)
  (net 27 ch4+5)
  (net 28 "Net-(F2-Pad1)")
  (net 29 "Net-(F3-Pad1)")
  (net 30 "Net-(F4-Pad1)")
  (net 31 /CHANNEL_1/DATA-)
  (net 32 /CHANNEL_1/DATA+)
  (net 33 /CHANNEL_1/5V_SENSE)
  (net 34 /CHANNEL_1/CLK-)
  (net 35 /CHANNEL_1/CLK+)
  (net 36 /CHANNEL_1/0V_SENSE)
  (net 37 /CHANNEL_1/CLK)
  (net 38 /CHANNEL_1/DATA)
  (net 39 /CHANNEL_1/LINK_OK)
  (net 40 "Net-(J3-Pad1)")
  (net 41 /CHANNEL_2/0V_SENSE)
  (net 42 "Net-(J3-Pad4)")
  (net 43 /CHANNEL_2/CLK+)
  (net 44 /CHANNEL_2/CLK-)
  (net 45 /CHANNEL_2/5V_SENSE)
  (net 46 /CHANNEL_2/DATA+)
  (net 47 /CHANNEL_2/DATA-)
  (net 48 /CHANNEL_2/LINK_OK)
  (net 49 /CHANNEL_2/DATA)
  (net 50 /CHANNEL_2/CLK)
  (net 51 "Net-(J5-Pad1)")
  (net 52 /CHANNEL_3/0V_SENSE)
  (net 53 "Net-(J5-Pad4)")
  (net 54 /CHANNEL_3/CLK+)
  (net 55 /CHANNEL_3/CLK-)
  (net 56 /CHANNEL_3/5V_SENSE)
  (net 57 /CHANNEL_3/DATA+)
  (net 58 /CHANNEL_3/DATA-)
  (net 59 /CHANNEL_3/CLK)
  (net 60 /CHANNEL_3/DATA)
  (net 61 /CHANNEL_3/LINK_OK)
  (net 62 /CHANNEL_4/DATA-)
  (net 63 /CHANNEL_4/DATA+)
  (net 64 /CHANNEL_4/5V_SENSE)
  (net 65 /CHANNEL_4/CLK-)
  (net 66 /CHANNEL_4/CLK+)
  (net 67 "Net-(J7-Pad4)")
  (net 68 /CHANNEL_4/0V_SENSE)
  (net 69 "Net-(J7-Pad1)")
  (net 70 /CHANNEL_4/LINK_OK)
  (net 71 /CHANNEL_4/DATA)
  (net 72 /CHANNEL_4/CLK)
  (net 73 "Net-(JP1-Pad2)")
  (net 74 "Net-(JP10-Pad1)")
  (net 75 "Net-(JP10-Pad2)")
  (net 76 "Net-(JP11-Pad2)")
  (net 77 "Net-(JP12-Pad1)")
  (net 78 "Net-(JP12-Pad2)")
  (net 79 "Net-(JP13-Pad2)")
  (net 80 "Net-(JP14-Pad2)")
  (net 81 "Net-(R2-Pad1)")
  (net 82 "Net-(R2-Pad2)")
  (net 83 "Net-(R4-Pad2)")
  (net 84 "Net-(R4-Pad1)")
  (net 85 "Net-(R6-Pad2)")
  (net 86 "Net-(R8-Pad2)")
  (net 87 "Net-(R8-Pad1)")
  (net 88 "Net-(R10-Pad1)")
  (net 89 "Net-(R10-Pad2)")
  (net 90 "Net-(R12-Pad2)")
  (net 91 "Net-(R14-Pad1)")
  (net 92 "Net-(R14-Pad2)")
  (net 93 "Net-(R16-Pad2)")
  (net 94 "Net-(R16-Pad1)")
  (net 95 "Net-(R18-Pad2)")
  (net 96 "Net-(R20-Pad1)")
  (net 97 "Net-(R20-Pad2)")
  (net 98 "Net-(R22-Pad2)")
  (net 99 "Net-(R22-Pad1)")
  (net 100 "Net-(R24-Pad2)")

  (net_class Default "This is the default net class."
    (clearance 0.3048)
    (trace_width 0.3048)
    (via_dia 1.6256)
    (via_drill 0.8128)
    (uvia_dia 0.3)
    (uvia_drill 0.1)
    (diff_pair_gap 0.3048)
    (diff_pair_width 0.3048)
    (add_net /CHANNEL_1/0V_SENSE)
    (add_net /CHANNEL_1/5V_SENSE)
    (add_net /CHANNEL_1/CLK)
    (add_net /CHANNEL_1/CLK+)
    (add_net /CHANNEL_1/CLK-)
    (add_net /CHANNEL_1/DATA)
    (add_net /CHANNEL_1/DATA+)
    (add_net /CHANNEL_1/DATA-)
    (add_net /CHANNEL_1/LINK_OK)
    (add_net /CHANNEL_2/0V_SENSE)
    (add_net /CHANNEL_2/5V_SENSE)
    (add_net /CHANNEL_2/CLK)
    (add_net /CHANNEL_2/CLK+)
    (add_net /CHANNEL_2/CLK-)
    (add_net /CHANNEL_2/DATA)
    (add_net /CHANNEL_2/DATA+)
    (add_net /CHANNEL_2/DATA-)
    (add_net /CHANNEL_2/LINK_OK)
    (add_net /CHANNEL_3/0V_SENSE)
    (add_net /CHANNEL_3/5V_SENSE)
    (add_net /CHANNEL_3/CLK)
    (add_net /CHANNEL_3/CLK+)
    (add_net /CHANNEL_3/CLK-)
    (add_net /CHANNEL_3/DATA)
    (add_net /CHANNEL_3/DATA+)
    (add_net /CHANNEL_3/DATA-)
    (add_net /CHANNEL_3/LINK_OK)
    (add_net /CHANNEL_4/0V_SENSE)
    (add_net /CHANNEL_4/5V_SENSE)
    (add_net /CHANNEL_4/CLK)
    (add_net /CHANNEL_4/CLK+)
    (add_net /CHANNEL_4/CLK-)
    (add_net /CHANNEL_4/DATA)
    (add_net /CHANNEL_4/DATA+)
    (add_net /CHANNEL_4/DATA-)
    (add_net /CHANNEL_4/LINK_OK)
    (add_net "Net-(B1-Pad10)")
    (add_net "Net-(B1-Pad11)")
    (add_net "Net-(B1-Pad12)")
    (add_net "Net-(B1-Pad13)")
    (add_net "Net-(B1-Pad14)")
    (add_net "Net-(B1-Pad15)")
    (add_net "Net-(B1-Pad16)")
    (add_net "Net-(B1-Pad18)")
    (add_net "Net-(B1-Pad5)")
    (add_net "Net-(B1-Pad6)")
    (add_net "Net-(B1-Pad7)")
    (add_net "Net-(B1-Pad8)")
    (add_net "Net-(B1-Pad9)")
    (add_net "Net-(F1-Pad1)")
    (add_net "Net-(F2-Pad1)")
    (add_net "Net-(F3-Pad1)")
    (add_net "Net-(F4-Pad1)")
    (add_net "Net-(J1-Pad1)")
    (add_net "Net-(J1-Pad4)")
    (add_net "Net-(J3-Pad1)")
    (add_net "Net-(J3-Pad4)")
    (add_net "Net-(J5-Pad1)")
    (add_net "Net-(J5-Pad4)")
    (add_net "Net-(J7-Pad1)")
    (add_net "Net-(J7-Pad4)")
    (add_net "Net-(JP1-Pad2)")
    (add_net "Net-(JP10-Pad1)")
    (add_net "Net-(JP10-Pad2)")
    (add_net "Net-(JP11-Pad2)")
    (add_net "Net-(JP12-Pad1)")
    (add_net "Net-(JP12-Pad2)")
    (add_net "Net-(JP13-Pad2)")
    (add_net "Net-(JP14-Pad2)")
    (add_net "Net-(R10-Pad1)")
    (add_net "Net-(R10-Pad2)")
    (add_net "Net-(R12-Pad2)")
    (add_net "Net-(R14-Pad1)")
    (add_net "Net-(R14-Pad2)")
    (add_net "Net-(R16-Pad1)")
    (add_net "Net-(R16-Pad2)")
    (add_net "Net-(R18-Pad2)")
    (add_net "Net-(R2-Pad1)")
    (add_net "Net-(R2-Pad2)")
    (add_net "Net-(R20-Pad1)")
    (add_net "Net-(R20-Pad2)")
    (add_net "Net-(R22-Pad1)")
    (add_net "Net-(R22-Pad2)")
    (add_net "Net-(R24-Pad2)")
    (add_net "Net-(R4-Pad1)")
    (add_net "Net-(R4-Pad2)")
    (add_net "Net-(R6-Pad2)")
    (add_net "Net-(R8-Pad1)")
    (add_net "Net-(R8-Pad2)")
  )

  (net_class power ""
    (clearance 0.3048)
    (trace_width 0.6096)
    (via_dia 1.6256)
    (via_drill 0.8128)
    (uvia_dia 0.3)
    (uvia_drill 0.1)
    (diff_pair_gap 0.3048)
    (diff_pair_width 0.3048)
    (add_net +3V3)
    (add_net +5V)
    (add_net GND)
    (add_net ch1+5)
    (add_net ch1gnd)
    (add_net ch2+5)
    (add_net ch2gnd)
    (add_net ch3+5)
    (add_net ch3gnd)
    (add_net ch4+5)
    (add_net ch4gnd)
  )

  (module kl25z:DB15HD-Duplo (layer F.Cu) (tedit 6063B693) (tstamp 60701E7E)
    (at 81.8304 115.6592 90)
    (fp_text reference REF** (at -3.86 0.4 90) (layer F.SilkS)
      (effects (font (size 1 1) (thickness 0.15)))
    )
    (fp_text value DB15HD-Duplo (at -4.11 -2.04 90) (layer F.Fab)
      (effects (font (size 1 1) (thickness 0.15)))
    )
    (fp_line (start -8.128 -21.463) (end 16.891 -21.463) (layer F.SilkS) (width 0.15))
    (fp_line (start 17.018 -21.463) (end 19.939 -21.463) (layer F.SilkS) (width 0.15))
    (fp_line (start 19.939 -21.463) (end 19.939 2.413) (layer F.SilkS) (width 0.15))
    (fp_line (start 19.939 2.413) (end -10.922 2.413) (layer F.SilkS) (width 0.15))
    (fp_line (start -10.922 2.413) (end -10.922 -21.463) (layer F.SilkS) (width 0.15))
    (fp_line (start -10.922 -21.463) (end -8.255 -21.463) (layer F.SilkS) (width 0.15))
    (fp_line (start -3.683 -21.463) (end -3.683 -24.257) (layer F.SilkS) (width 0.15))
    (fp_line (start 12.7 -21.463) (end 12.7 -24.257) (layer F.SilkS) (width 0.15))
    (fp_line (start -3.683 -21.463) (end -3.683 -27.305) (layer F.SilkS) (width 0.15))
    (fp_line (start -3.683 -27.305) (end 12.7 -27.305) (layer F.SilkS) (width 0.15))
    (fp_line (start 12.7 -27.305) (end 12.7 -24.13) (layer F.SilkS) (width 0.15))
    (pad 1 thru_hole circle (at 0 0 90) (size 1.778 1.778) (drill 1.143) (layers *.Cu *.Mask))
    (pad 2 thru_hole circle (at 2.286 0 90) (size 1.778 1.778) (drill 1.143) (layers *.Cu *.Mask))
    (pad 3 thru_hole circle (at 4.572 0 90) (size 1.778 1.778) (drill 1.143) (layers *.Cu *.Mask))
    (pad 4 thru_hole circle (at 6.858 0 90) (size 1.778 1.778) (drill 1.143) (layers *.Cu *.Mask))
    (pad 5 thru_hole circle (at 9.144 0 90) (size 1.778 1.778) (drill 1.143) (layers *.Cu *.Mask))
    (pad 6 thru_hole circle (at -1.143 -2.54 90) (size 1.778 1.778) (drill 1.143) (layers *.Cu *.Mask))
    (pad 7 thru_hole circle (at 1.143 -2.54 90) (size 1.778 1.778) (drill 1.143) (layers *.Cu *.Mask))
    (pad 8 thru_hole circle (at 3.429 -2.54 90) (size 1.778 1.778) (drill 1.143) (layers *.Cu *.Mask))
    (pad 9 thru_hole circle (at 5.715 -2.54 90) (size 1.778 1.778) (drill 1.143) (layers *.Cu *.Mask))
    (pad 10 thru_hole circle (at 8.001 -2.54 90) (size 1.778 1.778) (drill 1.143) (layers *.Cu *.Mask))
    (pad 11 thru_hole circle (at 0 -5.08 90) (size 1.778 1.778) (drill 1.143) (layers *.Cu *.Mask))
    (pad 12 thru_hole circle (at 2.286 -5.08 90) (size 1.778 1.778) (drill 1.143) (layers *.Cu *.Mask))
    (pad 13 thru_hole circle (at 4.572 -5.08 90) (size 1.778 1.778) (drill 1.143) (layers *.Cu *.Mask))
    (pad 14 thru_hole circle (at 6.858 -5.08 90) (size 1.778 1.778) (drill 1.143) (layers *.Cu *.Mask))
    (pad 15 thru_hole circle (at 9.144 -5.08 90) (size 1.778 1.778) (drill 1.143) (layers *.Cu *.Mask))
    (pad 16 thru_hole circle (at 0 -7.366 90) (size 1.778 1.778) (drill 1.143) (layers *.Cu *.Mask))
    (pad 17 thru_hole circle (at 2.286 -7.366 90) (size 1.778 1.778) (drill 1.143) (layers *.Cu *.Mask))
    (pad 18 thru_hole circle (at 4.572 -7.366 90) (size 1.778 1.778) (drill 1.143) (layers *.Cu *.Mask))
    (pad 19 thru_hole circle (at 6.858 -7.366 90) (size 1.778 1.778) (drill 1.143) (layers *.Cu *.Mask))
    (pad 20 thru_hole circle (at 9.144 -7.366 90) (size 1.778 1.778) (drill 1.143) (layers *.Cu *.Mask))
    (pad 21 thru_hole circle (at -1.143 -9.906 90) (size 1.778 1.778) (drill 1.143) (layers *.Cu *.Mask))
    (pad 22 thru_hole circle (at 1.143 -9.906 90) (size 1.778 1.778) (drill 1.143) (layers *.Cu *.Mask))
    (pad 23 thru_hole circle (at 3.429 -9.906 90) (size 1.778 1.778) (drill 1.143) (layers *.Cu *.Mask))
    (pad 24 thru_hole circle (at 5.715 -9.906 90) (size 1.778 1.778) (drill 1.143) (layers *.Cu *.Mask))
    (pad 25 thru_hole circle (at 8.001 -9.906 90) (size 1.778 1.778) (drill 1.143) (layers *.Cu *.Mask))
    (pad 26 thru_hole circle (at 0 -12.446 90) (size 1.778 1.778) (drill 1.143) (layers *.Cu *.Mask))
    (pad 27 thru_hole circle (at 2.286 -12.446 90) (size 1.778 1.778) (drill 1.143) (layers *.Cu *.Mask))
    (pad 28 thru_hole circle (at 4.572 -12.446 90) (size 1.778 1.778) (drill 1.143) (layers *.Cu *.Mask))
    (pad 29 thru_hole circle (at 6.858 -12.446 90) (size 1.778 1.778) (drill 1.143) (layers *.Cu *.Mask))
    (pad 30 thru_hole circle (at 9.144 -12.446 90) (size 1.778 1.778) (drill 1.143) (layers *.Cu *.Mask))
    (pad 31 thru_hole circle (at -8.128 -12.446 90) (size 4.064 4.064) (drill 3.048) (layers *.Cu *.Mask))
    (pad 32 thru_hole circle (at -8.128 -3.683 90) (size 4.064 4.064) (drill 3.048) (layers *.Cu *.Mask))
    (pad 33 thru_hole circle (at 16.891 -12.446 90) (size 4.064 4.064) (drill 3.048) (layers *.Cu *.Mask))
    (pad 34 thru_hole circle (at 16.891 -3.683 90) (size 4.064 4.064) (drill 3.048) (layers *.Cu *.Mask))
  )

  (module kl25z:DB15HD-Duplo (layer B.Cu) (tedit 6063B693) (tstamp 60701E4E)
    (at 81.8304 131.9152 270)
    (fp_text reference REF** (at -3.86 -0.4 270) (layer B.SilkS)
      (effects (font (size 1 1) (thickness 0.15)) (justify mirror))
    )
    (fp_text value DB15HD-Duplo (at -4.11 2.04 270) (layer B.Fab)
      (effects (font (size 1 1) (thickness 0.15)) (justify mirror))
    )
    (fp_line (start -8.128 21.463) (end 16.891 21.463) (layer B.SilkS) (width 0.15))
    (fp_line (start 17.018 21.463) (end 19.939 21.463) (layer B.SilkS) (width 0.15))
    (fp_line (start 19.939 21.463) (end 19.939 -2.413) (layer B.SilkS) (width 0.15))
    (fp_line (start 19.939 -2.413) (end -10.922 -2.413) (layer B.SilkS) (width 0.15))
    (fp_line (start -10.922 -2.413) (end -10.922 21.463) (layer B.SilkS) (width 0.15))
    (fp_line (start -10.922 21.463) (end -8.255 21.463) (layer B.SilkS) (width 0.15))
    (fp_line (start -3.683 21.463) (end -3.683 24.257) (layer B.SilkS) (width 0.15))
    (fp_line (start 12.7 21.463) (end 12.7 24.257) (layer B.SilkS) (width 0.15))
    (fp_line (start -3.683 21.463) (end -3.683 27.305) (layer B.SilkS) (width 0.15))
    (fp_line (start -3.683 27.305) (end 12.7 27.305) (layer B.SilkS) (width 0.15))
    (fp_line (start 12.7 27.305) (end 12.7 24.13) (layer B.SilkS) (width 0.15))
    (pad 1 thru_hole circle (at 0 0 270) (size 1.778 1.778) (drill 1.143) (layers *.Cu *.Mask))
    (pad 2 thru_hole circle (at 2.286 0 270) (size 1.778 1.778) (drill 1.143) (layers *.Cu *.Mask))
    (pad 3 thru_hole circle (at 4.572 0 270) (size 1.778 1.778) (drill 1.143) (layers *.Cu *.Mask))
    (pad 4 thru_hole circle (at 6.858 0 270) (size 1.778 1.778) (drill 1.143) (layers *.Cu *.Mask))
    (pad 5 thru_hole circle (at 9.144 0 270) (size 1.778 1.778) (drill 1.143) (layers *.Cu *.Mask))
    (pad 6 thru_hole circle (at -1.143 2.54 270) (size 1.778 1.778) (drill 1.143) (layers *.Cu *.Mask))
    (pad 7 thru_hole circle (at 1.143 2.54 270) (size 1.778 1.778) (drill 1.143) (layers *.Cu *.Mask))
    (pad 8 thru_hole circle (at 3.429 2.54 270) (size 1.778 1.778) (drill 1.143) (layers *.Cu *.Mask))
    (pad 9 thru_hole circle (at 5.715 2.54 270) (size 1.778 1.778) (drill 1.143) (layers *.Cu *.Mask))
    (pad 10 thru_hole circle (at 8.001 2.54 270) (size 1.778 1.778) (drill 1.143) (layers *.Cu *.Mask))
    (pad 11 thru_hole circle (at 0 5.08 270) (size 1.778 1.778) (drill 1.143) (layers *.Cu *.Mask))
    (pad 12 thru_hole circle (at 2.286 5.08 270) (size 1.778 1.778) (drill 1.143) (layers *.Cu *.Mask))
    (pad 13 thru_hole circle (at 4.572 5.08 270) (size 1.778 1.778) (drill 1.143) (layers *.Cu *.Mask))
    (pad 14 thru_hole circle (at 6.858 5.08 270) (size 1.778 1.778) (drill 1.143) (layers *.Cu *.Mask))
    (pad 15 thru_hole circle (at 9.144 5.08 270) (size 1.778 1.778) (drill 1.143) (layers *.Cu *.Mask))
    (pad 16 thru_hole circle (at 0 7.366 270) (size 1.778 1.778) (drill 1.143) (layers *.Cu *.Mask))
    (pad 17 thru_hole circle (at 2.286 7.366 270) (size 1.778 1.778) (drill 1.143) (layers *.Cu *.Mask))
    (pad 18 thru_hole circle (at 4.572 7.366 270) (size 1.778 1.778) (drill 1.143) (layers *.Cu *.Mask))
    (pad 19 thru_hole circle (at 6.858 7.366 270) (size 1.778 1.778) (drill 1.143) (layers *.Cu *.Mask))
    (pad 20 thru_hole circle (at 9.144 7.366 270) (size 1.778 1.778) (drill 1.143) (layers *.Cu *.Mask))
    (pad 21 thru_hole circle (at -1.143 9.906 270) (size 1.778 1.778) (drill 1.143) (layers *.Cu *.Mask))
    (pad 22 thru_hole circle (at 1.143 9.906 270) (size 1.778 1.778) (drill 1.143) (layers *.Cu *.Mask))
    (pad 23 thru_hole circle (at 3.429 9.906 270) (size 1.778 1.778) (drill 1.143) (layers *.Cu *.Mask))
    (pad 24 thru_hole circle (at 5.715 9.906 270) (size 1.778 1.778) (drill 1.143) (layers *.Cu *.Mask))
    (pad 25 thru_hole circle (at 8.001 9.906 270) (size 1.778 1.778) (drill 1.143) (layers *.Cu *.Mask))
    (pad 26 thru_hole circle (at 0 12.446 270) (size 1.778 1.778) (drill 1.143) (layers *.Cu *.Mask))
    (pad 27 thru_hole circle (at 2.286 12.446 270) (size 1.778 1.778) (drill 1.143) (layers *.Cu *.Mask))
    (pad 28 thru_hole circle (at 4.572 12.446 270) (size 1.778 1.778) (drill 1.143) (layers *.Cu *.Mask))
    (pad 29 thru_hole circle (at 6.858 12.446 270) (size 1.778 1.778) (drill 1.143) (layers *.Cu *.Mask))
    (pad 30 thru_hole circle (at 9.144 12.446 270) (size 1.778 1.778) (drill 1.143) (layers *.Cu *.Mask))
    (pad 31 thru_hole circle (at -8.128 12.446 270) (size 4.064 4.064) (drill 3.048) (layers *.Cu *.Mask))
    (pad 32 thru_hole circle (at -8.128 3.683 270) (size 4.064 4.064) (drill 3.048) (layers *.Cu *.Mask))
    (pad 33 thru_hole circle (at 16.891 12.446 270) (size 4.064 4.064) (drill 3.048) (layers *.Cu *.Mask))
    (pad 34 thru_hole circle (at 16.891 3.683 270) (size 4.064 4.064) (drill 3.048) (layers *.Cu *.Mask))
  )

  (module Controle:Eurocard_template_editado locked (layer F.Cu) (tedit 5D4AC19B) (tstamp 606925C2)
    (at 262.716 143.142 180)
    (fp_text reference " " (at 7.9282 94.201) (layer F.SilkS) hide
      (effects (font (size 0.7 0.7) (thickness 0.15)))
    )
    (fp_text value C64AC (at 6.9 -1.4) (layer Cmts.User)
      (effects (font (size 0.7 0.7) (thickness 0.15)))
    )
    (fp_circle (center 142.24 5.5) (end 142.24 4) (layer F.SilkS) (width 0.15))
    (fp_circle (center 14.3891 94.158) (end 14.3891 95.658) (layer F.SilkS) (width 0.15))
    (fp_circle (center 14.3891 5.842) (end 15.8891 5.842) (layer F.SilkS) (width 0.15))
    (fp_circle (center 142.24 94.5) (end 142.24 96) (layer F.SilkS) (width 0.15))
    (fp_circle (center 3.57 5.5) (end 3.57 4) (layer F.SilkS) (width 0.15))
    (fp_circle (center 3.57 94.5) (end 3.57 93) (layer F.SilkS) (width 0.15))
    (fp_line (start 0 97.5) (end 160 97.5) (layer Dwgs.User) (width 0.15))
    (fp_line (start 0 2.5) (end 160 2.5) (layer Dwgs.User) (width 0.15))
    (fp_line (start 0 0) (end 160 0) (layer F.SilkS) (width 0.15))
    (fp_line (start 160 0) (end 160 100) (layer F.SilkS) (width 0.15))
    (fp_line (start 160 100) (end 0 100) (layer F.SilkS) (width 0.15))
    (fp_line (start 0 100) (end 0 0) (layer F.SilkS) (width 0.15))
    (pad 1 thru_hole circle (at 14.3891 5.842 180) (size 5.5 5.5) (drill 3) (layers *.Cu *.Mask F.SilkS))
    (pad 0 thru_hole circle (at 3.57 94.5 180) (size 3 3) (drill 3) (layers *.Cu *.Mask F.SilkS))
    (pad 0 thru_hole circle (at 3.57 5.5 180) (size 3 3) (drill 3) (layers *.Cu *.Mask F.SilkS))
    (pad 1 thru_hole circle (at 14.3891 94.158 180) (size 5.5 5.5) (drill 3) (layers *.Cu *.Mask F.SilkS))
  )

  (module Pin_Headers:Pin_Header_Straight_2x10 (layer F.Cu) (tedit 5937F326) (tstamp 57977C2A)
    (at 118.596 81.703)
    (descr "Through hole pin header")
    (tags "pin header")
    (path /6047D9C8)
    (fp_text reference B1 (at 1.3255 -2.2004) (layer F.SilkS)
      (effects (font (size 0.6 0.6) (thickness 0.1)))
    )
    (fp_text value SPIxxCON (at 1.2493 24.9776) (layer F.SilkS)
      (effects (font (size 0.75 0.75) (thickness 0.1)))
    )
    (fp_line (start -1.55 -1.55) (end -1.55 0) (layer F.SilkS) (width 0.15))
    (fp_line (start 1.27 1.27) (end -1.27 1.27) (layer F.SilkS) (width 0.15))
    (fp_line (start 1.27 -1.27) (end 1.27 1.27) (layer F.SilkS) (width 0.15))
    (fp_line (start 0 -1.55) (end -1.55 -1.55) (layer F.SilkS) (width 0.15))
    (fp_line (start 3.81 -1.27) (end 1.27 -1.27) (layer F.SilkS) (width 0.15))
    (fp_line (start 3.81 24.13) (end -1.27 24.13) (layer F.SilkS) (width 0.15))
    (fp_line (start -1.27 1.27) (end -1.27 24.13) (layer F.SilkS) (width 0.15))
    (fp_line (start 3.81 24.13) (end 3.81 -1.27) (layer F.SilkS) (width 0.15))
    (fp_line (start -1.75 24.65) (end 4.3 24.65) (layer F.CrtYd) (width 0.05))
    (fp_line (start -1.75 -1.75) (end 4.3 -1.75) (layer F.CrtYd) (width 0.05))
    (fp_line (start 4.3 -1.75) (end 4.3 24.65) (layer F.CrtYd) (width 0.05))
    (fp_line (start -1.75 -1.75) (end -1.75 24.65) (layer F.CrtYd) (width 0.05))
    (pad 1 thru_hole rect (at 0 0) (size 1.7272 1.7272) (drill 1.016) (layers *.Cu *.Mask F.SilkS)
      (net 6 +3V3))
    (pad 2 thru_hole oval (at 2.54 0) (size 1.7272 1.7272) (drill 1.016) (layers *.Cu *.Mask F.SilkS)
      (net 6 +3V3))
    (pad 3 thru_hole oval (at 0 2.54) (size 1.7272 1.7272) (drill 1.016) (layers *.Cu *.Mask F.SilkS)
      (net 2 GND))
    (pad 4 thru_hole oval (at 2.54 2.54) (size 1.7272 1.7272) (drill 1.016) (layers *.Cu *.Mask F.SilkS)
      (net 2 GND))
    (pad 5 thru_hole oval (at 0 5.08) (size 1.7272 1.7272) (drill 1.016) (layers *.Cu *.Mask F.SilkS)
      (net 7 "Net-(B1-Pad5)"))
    (pad 6 thru_hole oval (at 2.54 5.08) (size 1.7272 1.7272) (drill 1.016) (layers *.Cu *.Mask F.SilkS)
      (net 8 "Net-(B1-Pad6)"))
    (pad 7 thru_hole oval (at 0 7.62) (size 1.7272 1.7272) (drill 1.016) (layers *.Cu *.Mask F.SilkS)
      (net 9 "Net-(B1-Pad7)"))
    (pad 8 thru_hole oval (at 2.54 7.62) (size 1.7272 1.7272) (drill 1.016) (layers *.Cu *.Mask F.SilkS)
      (net 10 "Net-(B1-Pad8)"))
    (pad 9 thru_hole oval (at 0 10.16) (size 1.7272 1.7272) (drill 1.016) (layers *.Cu *.Mask F.SilkS)
      (net 11 "Net-(B1-Pad9)"))
    (pad 10 thru_hole oval (at 2.54 10.16) (size 1.7272 1.7272) (drill 1.016) (layers *.Cu *.Mask F.SilkS)
      (net 12 "Net-(B1-Pad10)"))
    (pad 11 thru_hole oval (at 0 12.7) (size 1.7272 1.7272) (drill 1.016) (layers *.Cu *.Mask F.SilkS)
      (net 13 "Net-(B1-Pad11)"))
    (pad 12 thru_hole oval (at 2.54 12.7) (size 1.7272 1.7272) (drill 1.016) (layers *.Cu *.Mask F.SilkS)
      (net 14 "Net-(B1-Pad12)"))
    (pad 13 thru_hole oval (at 0 15.24) (size 1.7272 1.7272) (drill 1.016) (layers *.Cu *.Mask F.SilkS)
      (net 15 "Net-(B1-Pad13)"))
    (pad 14 thru_hole oval (at 2.54 15.24) (size 1.7272 1.7272) (drill 1.016) (layers *.Cu *.Mask F.SilkS)
      (net 16 "Net-(B1-Pad14)"))
    (pad 15 thru_hole oval (at 0 17.78) (size 1.7272 1.7272) (drill 1.016) (layers *.Cu *.Mask F.SilkS)
      (net 17 "Net-(B1-Pad15)"))
    (pad 16 thru_hole oval (at 2.54 17.78) (size 1.7272 1.7272) (drill 1.016) (layers *.Cu *.Mask F.SilkS)
      (net 18 "Net-(B1-Pad16)"))
    (pad 17 thru_hole oval (at 0 20.32) (size 1.7272 1.7272) (drill 1.016) (layers *.Cu *.Mask F.SilkS)
      (net 2 GND))
    (pad 18 thru_hole oval (at 2.54 20.32) (size 1.7272 1.7272) (drill 1.016) (layers *.Cu *.Mask F.SilkS)
      (net 19 "Net-(B1-Pad18)"))
    (pad 19 thru_hole oval (at 0 22.86) (size 1.7272 1.7272) (drill 1.016) (layers *.Cu *.Mask F.SilkS)
      (net 1 +5V))
    (pad 20 thru_hole oval (at 2.54 22.86) (size 1.7272 1.7272) (drill 1.016) (layers *.Cu *.Mask F.SilkS)
      (net 2 GND))
    (model Pin_Headers.3dshapes/Pin_Header_Straight_2x10.wrl
      (offset (xyz 1.269999980926514 -11.42999982833862 0))
      (scale (xyz 1 1 1))
      (rotate (xyz 0 0 90))
    )
  )

  (module Capacitor_SMD:C_1210_3225Metric (layer F.Cu) (tedit 5B301BBE) (tstamp 6068FB45)
    (at 161.688 57.922 270)
    (descr "Capacitor SMD 1210 (3225 Metric), square (rectangular) end terminal, IPC_7351 nominal, (Body size source: http://www.tortai-tech.com/upload/download/2011102023233369053.pdf), generated with kicad-footprint-generator")
    (tags capacitor)
    (path /6047D498/60607C42)
    (attr smd)
    (fp_text reference C1 (at 0 -2.28 270) (layer F.SilkS)
      (effects (font (size 1 1) (thickness 0.15)))
    )
    (fp_text value 10u (at 0 2.28 270) (layer F.Fab)
      (effects (font (size 1 1) (thickness 0.15)))
    )
    (fp_line (start -1.6 1.25) (end -1.6 -1.25) (layer F.Fab) (width 0.1))
    (fp_line (start -1.6 -1.25) (end 1.6 -1.25) (layer F.Fab) (width 0.1))
    (fp_line (start 1.6 -1.25) (end 1.6 1.25) (layer F.Fab) (width 0.1))
    (fp_line (start 1.6 1.25) (end -1.6 1.25) (layer F.Fab) (width 0.1))
    (fp_line (start -0.602064 -1.36) (end 0.602064 -1.36) (layer F.SilkS) (width 0.12))
    (fp_line (start -0.602064 1.36) (end 0.602064 1.36) (layer F.SilkS) (width 0.12))
    (fp_line (start -2.28 1.58) (end -2.28 -1.58) (layer F.CrtYd) (width 0.05))
    (fp_line (start -2.28 -1.58) (end 2.28 -1.58) (layer F.CrtYd) (width 0.05))
    (fp_line (start 2.28 -1.58) (end 2.28 1.58) (layer F.CrtYd) (width 0.05))
    (fp_line (start 2.28 1.58) (end -2.28 1.58) (layer F.CrtYd) (width 0.05))
    (fp_text user %R (at 0 0 270) (layer F.Fab)
      (effects (font (size 0.8 0.8) (thickness 0.12)))
    )
    (pad 1 smd roundrect (at -1.4 0 270) (size 1.25 2.65) (layers F.Cu F.Paste F.Mask) (roundrect_rratio 0.2)
      (net 1 +5V))
    (pad 2 smd roundrect (at 1.4 0 270) (size 1.25 2.65) (layers F.Cu F.Paste F.Mask) (roundrect_rratio 0.2)
      (net 2 GND))
    (model ${KISYS3DMOD}/Capacitor_SMD.3dshapes/C_1210_3225Metric.wrl
      (at (xyz 0 0 0))
      (scale (xyz 1 1 1))
      (rotate (xyz 0 0 0))
    )
  )

  (module Capacitor_SMD:C_1210_3225Metric (layer F.Cu) (tedit 5B301BBE) (tstamp 6068FB56)
    (at 190.898 58.938 270)
    (descr "Capacitor SMD 1210 (3225 Metric), square (rectangular) end terminal, IPC_7351 nominal, (Body size source: http://www.tortai-tech.com/upload/download/2011102023233369053.pdf), generated with kicad-footprint-generator")
    (tags capacitor)
    (path /6047D498/60607C45)
    (attr smd)
    (fp_text reference C2 (at 0 -2.28 270) (layer F.SilkS)
      (effects (font (size 1 1) (thickness 0.15)))
    )
    (fp_text value 10u (at 0 2.28 270) (layer F.Fab)
      (effects (font (size 1 1) (thickness 0.15)))
    )
    (fp_text user %R (at 0 0 270) (layer F.Fab)
      (effects (font (size 0.8 0.8) (thickness 0.12)))
    )
    (fp_line (start 2.28 1.58) (end -2.28 1.58) (layer F.CrtYd) (width 0.05))
    (fp_line (start 2.28 -1.58) (end 2.28 1.58) (layer F.CrtYd) (width 0.05))
    (fp_line (start -2.28 -1.58) (end 2.28 -1.58) (layer F.CrtYd) (width 0.05))
    (fp_line (start -2.28 1.58) (end -2.28 -1.58) (layer F.CrtYd) (width 0.05))
    (fp_line (start -0.602064 1.36) (end 0.602064 1.36) (layer F.SilkS) (width 0.12))
    (fp_line (start -0.602064 -1.36) (end 0.602064 -1.36) (layer F.SilkS) (width 0.12))
    (fp_line (start 1.6 1.25) (end -1.6 1.25) (layer F.Fab) (width 0.1))
    (fp_line (start 1.6 -1.25) (end 1.6 1.25) (layer F.Fab) (width 0.1))
    (fp_line (start -1.6 -1.25) (end 1.6 -1.25) (layer F.Fab) (width 0.1))
    (fp_line (start -1.6 1.25) (end -1.6 -1.25) (layer F.Fab) (width 0.1))
    (pad 2 smd roundrect (at 1.4 0 270) (size 1.25 2.65) (layers F.Cu F.Paste F.Mask) (roundrect_rratio 0.2)
      (net 20 ch1gnd))
    (pad 1 smd roundrect (at -1.4 0 270) (size 1.25 2.65) (layers F.Cu F.Paste F.Mask) (roundrect_rratio 0.2)
      (net 21 ch1+5))
    (model ${KISYS3DMOD}/Capacitor_SMD.3dshapes/C_1210_3225Metric.wrl
      (at (xyz 0 0 0))
      (scale (xyz 1 1 1))
      (rotate (xyz 0 0 0))
    )
  )

  (module Capacitor_SMD:C_1210_3225Metric (layer F.Cu) (tedit 5B301BBE) (tstamp 6068FB67)
    (at 161.688 89.932 90)
    (descr "Capacitor SMD 1210 (3225 Metric), square (rectangular) end terminal, IPC_7351 nominal, (Body size source: http://www.tortai-tech.com/upload/download/2011102023233369053.pdf), generated with kicad-footprint-generator")
    (tags capacitor)
    (path /6048BD2B/601A5137)
    (attr smd)
    (fp_text reference C3 (at 0 -2.28 90) (layer F.SilkS)
      (effects (font (size 1 1) (thickness 0.15)))
    )
    (fp_text value 10u (at 0 2.28 90) (layer F.Fab)
      (effects (font (size 1 1) (thickness 0.15)))
    )
    (fp_text user %R (at 0 0 90) (layer F.Fab)
      (effects (font (size 0.8 0.8) (thickness 0.12)))
    )
    (fp_line (start 2.28 1.58) (end -2.28 1.58) (layer F.CrtYd) (width 0.05))
    (fp_line (start 2.28 -1.58) (end 2.28 1.58) (layer F.CrtYd) (width 0.05))
    (fp_line (start -2.28 -1.58) (end 2.28 -1.58) (layer F.CrtYd) (width 0.05))
    (fp_line (start -2.28 1.58) (end -2.28 -1.58) (layer F.CrtYd) (width 0.05))
    (fp_line (start -0.602064 1.36) (end 0.602064 1.36) (layer F.SilkS) (width 0.12))
    (fp_line (start -0.602064 -1.36) (end 0.602064 -1.36) (layer F.SilkS) (width 0.12))
    (fp_line (start 1.6 1.25) (end -1.6 1.25) (layer F.Fab) (width 0.1))
    (fp_line (start 1.6 -1.25) (end 1.6 1.25) (layer F.Fab) (width 0.1))
    (fp_line (start -1.6 -1.25) (end 1.6 -1.25) (layer F.Fab) (width 0.1))
    (fp_line (start -1.6 1.25) (end -1.6 -1.25) (layer F.Fab) (width 0.1))
    (pad 2 smd roundrect (at 1.4 0 90) (size 1.25 2.65) (layers F.Cu F.Paste F.Mask) (roundrect_rratio 0.2)
      (net 2 GND))
    (pad 1 smd roundrect (at -1.4 0 90) (size 1.25 2.65) (layers F.Cu F.Paste F.Mask) (roundrect_rratio 0.2)
      (net 1 +5V))
    (model ${KISYS3DMOD}/Capacitor_SMD.3dshapes/C_1210_3225Metric.wrl
      (at (xyz 0 0 0))
      (scale (xyz 1 1 1))
      (rotate (xyz 0 0 0))
    )
  )

  (module Capacitor_SMD:C_1210_3225Metric (layer F.Cu) (tedit 5B301BBE) (tstamp 6068FB78)
    (at 190.898 88.656 270)
    (descr "Capacitor SMD 1210 (3225 Metric), square (rectangular) end terminal, IPC_7351 nominal, (Body size source: http://www.tortai-tech.com/upload/download/2011102023233369053.pdf), generated with kicad-footprint-generator")
    (tags capacitor)
    (path /6048BD2B/601A6F9B)
    (attr smd)
    (fp_text reference C4 (at 0 -2.28 270) (layer F.SilkS)
      (effects (font (size 1 1) (thickness 0.15)))
    )
    (fp_text value 10u (at 0 2.28 270) (layer F.Fab)
      (effects (font (size 1 1) (thickness 0.15)))
    )
    (fp_line (start -1.6 1.25) (end -1.6 -1.25) (layer F.Fab) (width 0.1))
    (fp_line (start -1.6 -1.25) (end 1.6 -1.25) (layer F.Fab) (width 0.1))
    (fp_line (start 1.6 -1.25) (end 1.6 1.25) (layer F.Fab) (width 0.1))
    (fp_line (start 1.6 1.25) (end -1.6 1.25) (layer F.Fab) (width 0.1))
    (fp_line (start -0.602064 -1.36) (end 0.602064 -1.36) (layer F.SilkS) (width 0.12))
    (fp_line (start -0.602064 1.36) (end 0.602064 1.36) (layer F.SilkS) (width 0.12))
    (fp_line (start -2.28 1.58) (end -2.28 -1.58) (layer F.CrtYd) (width 0.05))
    (fp_line (start -2.28 -1.58) (end 2.28 -1.58) (layer F.CrtYd) (width 0.05))
    (fp_line (start 2.28 -1.58) (end 2.28 1.58) (layer F.CrtYd) (width 0.05))
    (fp_line (start 2.28 1.58) (end -2.28 1.58) (layer F.CrtYd) (width 0.05))
    (fp_text user %R (at 0 0 270) (layer F.Fab)
      (effects (font (size 0.8 0.8) (thickness 0.12)))
    )
    (pad 1 smd roundrect (at -1.4 0 270) (size 1.25 2.65) (layers F.Cu F.Paste F.Mask) (roundrect_rratio 0.2)
      (net 22 ch2+5))
    (pad 2 smd roundrect (at 1.4 0 270) (size 1.25 2.65) (layers F.Cu F.Paste F.Mask) (roundrect_rratio 0.2)
      (net 23 ch2gnd))
    (model ${KISYS3DMOD}/Capacitor_SMD.3dshapes/C_1210_3225Metric.wrl
      (at (xyz 0 0 0))
      (scale (xyz 1 1 1))
      (rotate (xyz 0 0 0))
    )
  )

  (module Capacitor_SMD:C_1210_3225Metric (layer F.Cu) (tedit 5B301BBE) (tstamp 6068FB89)
    (at 161.434 109.484 270)
    (descr "Capacitor SMD 1210 (3225 Metric), square (rectangular) end terminal, IPC_7351 nominal, (Body size source: http://www.tortai-tech.com/upload/download/2011102023233369053.pdf), generated with kicad-footprint-generator")
    (tags capacitor)
    (path /60494DCE/60607C40)
    (attr smd)
    (fp_text reference C5 (at 0 -2.28 270) (layer F.SilkS)
      (effects (font (size 1 1) (thickness 0.15)))
    )
    (fp_text value 10u (at 0 2.28 270) (layer F.Fab)
      (effects (font (size 1 1) (thickness 0.15)))
    )
    (fp_text user %R (at 0 0 270) (layer F.Fab)
      (effects (font (size 0.8 0.8) (thickness 0.12)))
    )
    (fp_line (start 2.28 1.58) (end -2.28 1.58) (layer F.CrtYd) (width 0.05))
    (fp_line (start 2.28 -1.58) (end 2.28 1.58) (layer F.CrtYd) (width 0.05))
    (fp_line (start -2.28 -1.58) (end 2.28 -1.58) (layer F.CrtYd) (width 0.05))
    (fp_line (start -2.28 1.58) (end -2.28 -1.58) (layer F.CrtYd) (width 0.05))
    (fp_line (start -0.602064 1.36) (end 0.602064 1.36) (layer F.SilkS) (width 0.12))
    (fp_line (start -0.602064 -1.36) (end 0.602064 -1.36) (layer F.SilkS) (width 0.12))
    (fp_line (start 1.6 1.25) (end -1.6 1.25) (layer F.Fab) (width 0.1))
    (fp_line (start 1.6 -1.25) (end 1.6 1.25) (layer F.Fab) (width 0.1))
    (fp_line (start -1.6 -1.25) (end 1.6 -1.25) (layer F.Fab) (width 0.1))
    (fp_line (start -1.6 1.25) (end -1.6 -1.25) (layer F.Fab) (width 0.1))
    (pad 2 smd roundrect (at 1.4 0 270) (size 1.25 2.65) (layers F.Cu F.Paste F.Mask) (roundrect_rratio 0.2)
      (net 2 GND))
    (pad 1 smd roundrect (at -1.4 0 270) (size 1.25 2.65) (layers F.Cu F.Paste F.Mask) (roundrect_rratio 0.2)
      (net 1 +5V))
    (model ${KISYS3DMOD}/Capacitor_SMD.3dshapes/C_1210_3225Metric.wrl
      (at (xyz 0 0 0))
      (scale (xyz 1 1 1))
      (rotate (xyz 0 0 0))
    )
  )

  (module Capacitor_SMD:C_1210_3225Metric (layer F.Cu) (tedit 5B301BBE) (tstamp 6068FB9A)
    (at 196.486 104.918 270)
    (descr "Capacitor SMD 1210 (3225 Metric), square (rectangular) end terminal, IPC_7351 nominal, (Body size source: http://www.tortai-tech.com/upload/download/2011102023233369053.pdf), generated with kicad-footprint-generator")
    (tags capacitor)
    (path /60494DCE/60607C43)
    (attr smd)
    (fp_text reference C6 (at 0 -2.28 270) (layer F.SilkS)
      (effects (font (size 1 1) (thickness 0.15)))
    )
    (fp_text value 10u (at 0 2.28 270) (layer F.Fab)
      (effects (font (size 1 1) (thickness 0.15)))
    )
    (fp_line (start -1.6 1.25) (end -1.6 -1.25) (layer F.Fab) (width 0.1))
    (fp_line (start -1.6 -1.25) (end 1.6 -1.25) (layer F.Fab) (width 0.1))
    (fp_line (start 1.6 -1.25) (end 1.6 1.25) (layer F.Fab) (width 0.1))
    (fp_line (start 1.6 1.25) (end -1.6 1.25) (layer F.Fab) (width 0.1))
    (fp_line (start -0.602064 -1.36) (end 0.602064 -1.36) (layer F.SilkS) (width 0.12))
    (fp_line (start -0.602064 1.36) (end 0.602064 1.36) (layer F.SilkS) (width 0.12))
    (fp_line (start -2.28 1.58) (end -2.28 -1.58) (layer F.CrtYd) (width 0.05))
    (fp_line (start -2.28 -1.58) (end 2.28 -1.58) (layer F.CrtYd) (width 0.05))
    (fp_line (start 2.28 -1.58) (end 2.28 1.58) (layer F.CrtYd) (width 0.05))
    (fp_line (start 2.28 1.58) (end -2.28 1.58) (layer F.CrtYd) (width 0.05))
    (fp_text user %R (at 0 0 270) (layer F.Fab)
      (effects (font (size 0.8 0.8) (thickness 0.12)))
    )
    (pad 1 smd roundrect (at -1.4 0 270) (size 1.25 2.65) (layers F.Cu F.Paste F.Mask) (roundrect_rratio 0.2)
      (net 24 ch3+5))
    (pad 2 smd roundrect (at 1.4 0 270) (size 1.25 2.65) (layers F.Cu F.Paste F.Mask) (roundrect_rratio 0.2)
      (net 25 ch3gnd))
    (model ${KISYS3DMOD}/Capacitor_SMD.3dshapes/C_1210_3225Metric.wrl
      (at (xyz 0 0 0))
      (scale (xyz 1 1 1))
      (rotate (xyz 0 0 0))
    )
  )

  (module Capacitor_SMD:C_1210_3225Metric (layer F.Cu) (tedit 5B301BBE) (tstamp 6068FBAB)
    (at 161.434 128.794 270)
    (descr "Capacitor SMD 1210 (3225 Metric), square (rectangular) end terminal, IPC_7351 nominal, (Body size source: http://www.tortai-tech.com/upload/download/2011102023233369053.pdf), generated with kicad-footprint-generator")
    (tags capacitor)
    (path /60494EAF/60607C41)
    (attr smd)
    (fp_text reference C7 (at 0 -2.28 270) (layer F.SilkS)
      (effects (font (size 1 1) (thickness 0.15)))
    )
    (fp_text value 10u (at 0 2.28 270) (layer F.Fab)
      (effects (font (size 1 1) (thickness 0.15)))
    )
    (fp_line (start -1.6 1.25) (end -1.6 -1.25) (layer F.Fab) (width 0.1))
    (fp_line (start -1.6 -1.25) (end 1.6 -1.25) (layer F.Fab) (width 0.1))
    (fp_line (start 1.6 -1.25) (end 1.6 1.25) (layer F.Fab) (width 0.1))
    (fp_line (start 1.6 1.25) (end -1.6 1.25) (layer F.Fab) (width 0.1))
    (fp_line (start -0.602064 -1.36) (end 0.602064 -1.36) (layer F.SilkS) (width 0.12))
    (fp_line (start -0.602064 1.36) (end 0.602064 1.36) (layer F.SilkS) (width 0.12))
    (fp_line (start -2.28 1.58) (end -2.28 -1.58) (layer F.CrtYd) (width 0.05))
    (fp_line (start -2.28 -1.58) (end 2.28 -1.58) (layer F.CrtYd) (width 0.05))
    (fp_line (start 2.28 -1.58) (end 2.28 1.58) (layer F.CrtYd) (width 0.05))
    (fp_line (start 2.28 1.58) (end -2.28 1.58) (layer F.CrtYd) (width 0.05))
    (fp_text user %R (at 0 0 270) (layer F.Fab)
      (effects (font (size 0.8 0.8) (thickness 0.12)))
    )
    (pad 1 smd roundrect (at -1.4 0 270) (size 1.25 2.65) (layers F.Cu F.Paste F.Mask) (roundrect_rratio 0.2)
      (net 1 +5V))
    (pad 2 smd roundrect (at 1.4 0 270) (size 1.25 2.65) (layers F.Cu F.Paste F.Mask) (roundrect_rratio 0.2)
      (net 2 GND))
    (model ${KISYS3DMOD}/Capacitor_SMD.3dshapes/C_1210_3225Metric.wrl
      (at (xyz 0 0 0))
      (scale (xyz 1 1 1))
      (rotate (xyz 0 0 0))
    )
  )

  (module Capacitor_SMD:C_1210_3225Metric (layer F.Cu) (tedit 5B301BBE) (tstamp 6068FBBC)
    (at 190.898 127.264 270)
    (descr "Capacitor SMD 1210 (3225 Metric), square (rectangular) end terminal, IPC_7351 nominal, (Body size source: http://www.tortai-tech.com/upload/download/2011102023233369053.pdf), generated with kicad-footprint-generator")
    (tags capacitor)
    (path /60494EAF/60607C44)
    (attr smd)
    (fp_text reference C8 (at 0 -2.28 270) (layer F.SilkS)
      (effects (font (size 1 1) (thickness 0.15)))
    )
    (fp_text value 10u (at 0 2.28 270) (layer F.Fab)
      (effects (font (size 1 1) (thickness 0.15)))
    )
    (fp_text user %R (at 0 0 270) (layer F.Fab)
      (effects (font (size 0.8 0.8) (thickness 0.12)))
    )
    (fp_line (start 2.28 1.58) (end -2.28 1.58) (layer F.CrtYd) (width 0.05))
    (fp_line (start 2.28 -1.58) (end 2.28 1.58) (layer F.CrtYd) (width 0.05))
    (fp_line (start -2.28 -1.58) (end 2.28 -1.58) (layer F.CrtYd) (width 0.05))
    (fp_line (start -2.28 1.58) (end -2.28 -1.58) (layer F.CrtYd) (width 0.05))
    (fp_line (start -0.602064 1.36) (end 0.602064 1.36) (layer F.SilkS) (width 0.12))
    (fp_line (start -0.602064 -1.36) (end 0.602064 -1.36) (layer F.SilkS) (width 0.12))
    (fp_line (start 1.6 1.25) (end -1.6 1.25) (layer F.Fab) (width 0.1))
    (fp_line (start 1.6 -1.25) (end 1.6 1.25) (layer F.Fab) (width 0.1))
    (fp_line (start -1.6 -1.25) (end 1.6 -1.25) (layer F.Fab) (width 0.1))
    (fp_line (start -1.6 1.25) (end -1.6 -1.25) (layer F.Fab) (width 0.1))
    (pad 2 smd roundrect (at 1.4 0 270) (size 1.25 2.65) (layers F.Cu F.Paste F.Mask) (roundrect_rratio 0.2)
      (net 26 ch4gnd))
    (pad 1 smd roundrect (at -1.4 0 270) (size 1.25 2.65) (layers F.Cu F.Paste F.Mask) (roundrect_rratio 0.2)
      (net 27 ch4+5))
    (model ${KISYS3DMOD}/Capacitor_SMD.3dshapes/C_1210_3225Metric.wrl
      (at (xyz 0 0 0))
      (scale (xyz 1 1 1))
      (rotate (xyz 0 0 0))
    )
  )

  (module Fuse:Fuse_1206_3216Metric (layer F.Cu) (tedit 5B301BBE) (tstamp 6068FBCD)
    (at 184.932 57.544)
    (descr "Fuse SMD 1206 (3216 Metric), square (rectangular) end terminal, IPC_7351 nominal, (Body size source: http://www.tortai-tech.com/upload/download/2011102023233369053.pdf), generated with kicad-footprint-generator")
    (tags resistor)
